$ANSIBLE_VAULT;1.1;AES256
64666133643233623065363938663033623865346262353265386437626135303862373639666538
3633303232336365306264383765643237306431343438300a393465313166666634646664666530
64633436333962313061373139653365636632316230643261303863376338346466633465353138
6465646135633264660a366661643433336231653363313164313731636532323263333264633032
31383965356562653361356137303331343035356236373339623936353636323264626534653963
38363136623731326337386366646563396163303339663339653334383936353033666663666665
31306662643036623061336637653361303862646131363863666134373163343334303036343034
32393439326165643861303462396538376665303265333031366437326334306261393963623034
31373365393137376330333132366166343635386663653465343161383733373636376537643039
62313533613464323130323432366331306138353436646566393436653566303131393265613732
343037623436633439646566366231353633
